0 5 
1 4 
2 5 
3 5 
4 5 
5 5 
6 5 
7 5 
8 5 
9 3 
10 0 
11 5 
12 5 
13 5 
14 5 
15 5 
16 5 
17 5 
18 5 
19 5 
20 0 
21 0 
22 0 
23 0 
24 0 
25 0 
26 3 
27 3 
28 0 
29 3 
30 3 
31 0 
32 0 
33 0 
34 3 
35 0 
36 0 
37 0 
38 3 
39 3 
40 3 
41 3 
42 3 
43 0 
44 0 
45 0 
46 4 
47 4 
48 0 
49 4 
50 0 
51 0 
52 0 
53 0 
54 4 
55 3 
56 3 
57 0 
58 1 
59 1 
60 4 
61 4 
62 4 
63 4 
64 1 
65 0 
66 0 
67 0 
68 1 
69 0 
70 0 
71 4 
72 1 
73 1 
74 1 
75 5 
76 0 
77 3 
78 5 
79 3 
80 5 
81 0 
82 5 
83 5 
84 5 
85 0 
86 0 
87 0 
88 5 
89 0 
90 0 
91 0 
92 5 
93 0 
94 5 
95 4 
96 0 
97 4 
98 4 
99 4 
100 5 
101 5 
102 5 
103 4 
104 5 
105 5 
106 0 
107 0 
108 5 
109 5 
110 5 
111 3 
112 0 
113 0 
114 3 
115 3 
116 0 
117 4 
118 4 
119 4 
120 4 
121 3 
122 3 
123 4 
124 4 
125 4 
126 4 
127 0 
128 4 
129 4 
130 4 
131 0 
132 0 
133 3 
134 0 
135 0 
136 0 
137 0 
138 0 
139 4 
140 4 
141 0 
142 3 
143 3 
144 0 
145 0 
146 3 
147 3 
148 3 
149 3 
150 3 
151 0 
152 0 
153 0 
154 5 
155 4 
156 0 
157 4 
158 4 
159 5 
160 4 
161 0 
162 5 
163 4 
164 4 
165 5 
166 5 
167 0 
168 0 
169 1 
170 1 
171 0 
172 0 
173 0 
174 4 
175 4 
176 0 
177 0 
178 0 
179 0 
180 4 
181 4 
182 0 
183 4 
184 4 
185 4 
186 4 
187 4 
188 4 
189 4 
190 0 
191 0 
192 4 
193 4 
194 4 
195 0 
196 4 
197 4 
198 4 
199 4 
200 4 
201 1 
202 4 
203 4 
204 4 
205 4 
206 4 
207 4 
208 0 
209 0 
210 0 
211 0 
212 1 
213 1 
214 4 
215 0 
216 4 
217 4 
218 4 
219 4 
220 4 
221 0 
222 4 
223 0 
224 4 
225 4 
226 4 
227 4 
228 0 
229 4 
230 4 
231 4 
232 3 
233 0 
234 3 
235 3 
236 3 
237 0 
238 4 
239 4 
240 0 
241 0 
242 0 
243 1 
244 1 
245 1 
246 1 
247 1 
248 1 
249 1 
250 1 
251 1 
252 0 
253 0 
254 0 
255 1 
256 1 
257 1 
258 1 
259 1 
260 4 
261 4 
262 4 
263 0 
264 0 
265 0 
266 0 
267 5 
268 5 
269 5 
270 5 
271 5 
272 0 
273 5 
274 5 
275 5 
276 5 
277 5 
278 5 
279 5 
280 0 
281 5 
282 5 
283 5 
284 0 
285 5 
286 3 
287 0 
288 5 
289 5 
290 3 
291 5 
292 5 
293 5 
294 5 
295 5 
296 5 
297 5 
298 3 
299 0 
300 0 
301 0 
302 0 
303 0 
304 0 
305 3 
306 0 
307 0 
308 0 
309 0 
310 0 
311 0 
312 3 
313 0 
314 0 
315 0 
316 3 
317 0 
318 3 
319 3 
320 4 
321 0 
322 3 
323 3 
324 3 
325 3 
326 0 
327 0 
328 3 
329 3 
330 3 
331 3 
332 3 
333 3 
334 3 
335 3 
336 3 
337 3 
338 3 
339 3 
340 3 
341 3 
342 0 
343 0 
344 0 
345 0 
346 3 
347 3 
348 3 
349 3 
350 3 
351 3 
352 3 
353 3 
354 3 
355 0 
356 3 
357 3 
358 0 
359 0 
360 0 
361 0 
362 0 
363 0 
364 3 
365 0 
366 0 
367 0 
368 4 
369 4 
370 4 
371 4 
372 4 
373 4 
374 4 
375 4 
376 0 
377 0 
378 3 
379 3 
380 3 
381 3 
382 0 
383 0 
384 0 
385 0 
386 4 
387 3 
388 0 
389 0 
390 3 
391 3 
392 3 
393 3 
394 0 
395 3 
396 3 
397 0 
398 0 
399 0 
400 4 
401 0 
402 0 
403 4 
404 4 
405 4 
406 4 
407 4 
408 0 
409 4 
410 4 
411 4 
412 0 
413 4 
414 4 
415 4 
416 4 
417 4 
418 4 
419 4 
420 4 
421 4 
422 3 
423 0 
424 3 
425 3 
426 4 
427 4 
428 0 
429 4 
430 4 
431 4 
432 4 
433 4 
434 0 
435 0 
436 0 
437 3 
438 0 
439 3 
440 3 
441 3 
442 3 
443 3 
444 3 
445 0 
446 4 
447 4 
448 3 
449 3 
450 3 
451 0 
452 0 
453 0 
454 0 
455 0 
456 3 
457 0 
458 3 
459 3 
460 3 
461 3 
462 0 
463 0 
464 0 
465 0 
466 0 
467 0 
468 0 
469 3 
470 0 
471 3 
472 3 
473 0 
474 0 
475 0 
476 0 
477 0 
478 0 
479 5 
480 0 
481 4 
482 1 
483 1 
484 1 
485 1 
486 1 
487 1 
488 1 
489 1 
490 0 
491 0 
492 0 
493 1 
494 1 
495 1 
496 1 
497 1 
498 0 
499 0 
500 4 
501 0 
502 1 
503 1 
504 4 
505 4 
506 4 
507 4 
508 4 
509 4 
510 4 
511 0 
512 4 
513 4 
514 4 
515 0 
516 4 
517 0 
518 4 
519 4 
520 0 
521 4 
522 4 
523 0 
524 4 
525 4 
526 4 
527 4 
528 4 
529 4 
530 0 
531 3 
532 3 
533 3 
534 3 
535 0 
536 4 
537 0 
538 0 
539 3 
540 0 
541 0 
542 0 
543 4 
544 4 
545 4 
546 4 
547 4 
548 0 
549 3 
550 3 
551 4 
552 0 
553 4 
554 4 
555 0 
556 0 
557 4 
558 4 
559 4 
560 4 
561 0 
562 3 
563 3 
564 3 
565 0 
566 0 
567 0 
568 0 
569 4 
570 4 
571 4 
572 4 
573 4 
574 4 
575 4 
576 0 
577 0 
578 0 
579 0 
580 4 
581 4 
582 4 
583 4 
584 4 
585 4 
586 4 
587 4 
588 4 
589 0 
590 4 
591 0 
592 4 
593 1 
594 4 
595 0 
596 0 
597 3 
598 3 
599 4 
600 4 
601 0 
602 4 
603 4 
604 4 
605 4 
606 4 
607 4 
608 4 
609 4 
610 0 
611 4 
612 4 
613 4 
614 4 
615 4 
616 0 
617 4 
618 4 
619 4 
620 4 
621 4 
622 4 
623 0 
624 4 
625 4 
626 4 
627 4 
628 4 
629 4 
630 4 
631 4 
632 4 
633 0 
634 4 
635 4 
636 4 
637 4 
638 4 
639 0 
640 4 
641 4 
642 4 
643 4 
644 4 
645 4 
646 4 
647 4 
648 4 
649 4 
650 0 
651 3 
652 3 
653 4 
654 4 
655 4 
656 4 
657 4 
658 0 
659 4 
660 4 
661 4 
662 4 
663 4 
664 0 
665 0 
666 0 
667 0 
668 4 
669 4 
670 0 
671 4 
672 4 
673 0 
674 4 
675 4 
676 0 
677 4 
678 4 
679 4 
680 4 
681 3 
682 0 
683 3 
684 0 
685 4 
686 4 
687 4 
688 4 
689 4 
690 0 
691 4 
692 4 
693 4 
694 4 
695 0 
696 4 
697 4 
698 4 
699 0 
700 4 
701 3 
